 1 Centrale kraftværker DK1
 2 Centrale kraftværker DK2
 3 Decentrale kraftværker DK1
 4 Decentrale kraftværker DK2
 5 Vindmøller DK1
 6 Vindmøller DK2
 7 Udveksling Jylland-Norge
 8 Udveksling Jylland-Sverige
 9 Udveksling Jylland-Tyskland
10 Udveksling Sjælland-Sverige
11 Udveksling Sjælland-Tyskland
12 Udveksling Bornholm-Sverige
13 Udveksling Fyn-Sjaelland
14 Temperatur i Malling
15 Vindhastighed i Malling
16 CO2 udledning
17 Havmøller DK
18 Landmøller DK
19 Solceller DK1
20 Solceller DK2
 
Dato og tid      ;      1 ;      2 ;      3 ;      4 ;      5 ;      6 ;      7 ;      8 ;      9 ;     10 ;     11 ;     12 ;     13 ;     14 ;     15 ;     16 ;     17 ;     18 ;     19 ;     20 ;
2018-11-06 00:00 ;    449 ;    382 ;    307 ;    110 ;    839 ;    287 ;    916 ;    221 ;   -611 ;   1010 ;   -585 ;      7 ;    -42 ;      9 ;      7 ;    148 ;    460 ;    667 ;      0 ;      0 ;
2018-11-06 00:05 ;    445 ;    370 ;    298 ;    113 ;    855 ;    294 ;    868 ;    279 ;   -510 ;    919 ;   -585 ;      6 ;   -122 ;      9 ;      4 ;    144 ;    480 ;    670 ;      0 ;      0 ;
2018-11-06 00:10 ;    421 ;    359 ;    284 ;    115 ;    863 ;    306 ;    820 ;    339 ;   -480 ;    902 ;   -585 ;      5 ;   -125 ;      9 ;      3 ;    139 ;    518 ;    650 ;      0 ;      0 ;
2018-11-06 00:15 ;    406 ;    353 ;    271 ;    109 ;    858 ;    307 ;    772 ;    400 ;   -468 ;    904 ;   -585 ;      4 ;   -125 ;      9 ;      3 ;    137 ;    513 ;    652 ;      0 ;      0 ;
2018-11-06 00:20 ;    398 ;    365 ;    257 ;    111 ;    889 ;    307 ;    770 ;    404 ;   -416 ;    777 ;   -585 ;      3 ;   -220 ;      9 ;      4 ;    137 ;    520 ;    676 ;      0 ;      0 ;
2018-11-06 00:25 ;    384 ;    364 ;    255 ;    110 ;    889 ;    313 ;    770 ;    403 ;   -416 ;    781 ;   -585 ;      3 ;   -224 ;      9 ;      4 ;    133 ;    544 ;    658 ;      0 ;      0 ;
2018-11-06 00:30 ;    371 ;    357 ;    257 ;    111 ;    888 ;    309 ;    770 ;    404 ;   -438 ;    770 ;   -585 ;      4 ;   -224 ;      9 ;      4 ;    132 ;    540 ;    657 ;      0 ;      0 ;
2018-11-06 00:35 ;    359 ;    361 ;    256 ;    113 ;    896 ;    316 ;    769 ;    404 ;   -439 ;    755 ;   -585 ;      4 ;   -224 ;      9 ;      5 ;    130 ;    548 ;    664 ;      0 ;      0 ;
2018-11-06 00:40 ;    364 ;    359 ;    256 ;    110 ;    902 ;    302 ;    772 ;    404 ;   -403 ;    769 ;   -585 ;      3 ;   -224 ;      9 ;      6 ;    129 ;    555 ;    649 ;      0 ;      0 ;
2018-11-06 00:45 ;    354 ;    363 ;    256 ;    111 ;    878 ;    301 ;    772 ;    404 ;   -395 ;    767 ;   -585 ;      3 ;   -224 ;      9 ;      5 ;    128 ;    548 ;    631 ;      0 ;      0 ;
2018-11-06 00:50 ;    348 ;    371 ;    254 ;    111 ;    842 ;    308 ;    762 ;    395 ;   -365 ;    742 ;   -585 ;      3 ;   -221 ;     10 ;      6 ;    128 ;    535 ;    615 ;      0 ;      0 ;
2018-11-06 00:55 ;    365 ;    389 ;    257 ;    111 ;    845 ;    306 ;    755 ;    378 ;   -385 ;    751 ;   -585 ;      2 ;   -217 ;     10 ;      6 ;    133 ;    534 ;    617 ;      0 ;      0 ;
2018-11-06 01:00 ;    383 ;    396 ;    257 ;    110 ;    842 ;    290 ;    747 ;    365 ;   -356 ;    623 ;   -585 ;      3 ;   -353 ;      9 ;      7 ;    139 ;    532 ;    600 ;      0 ;      0 ;
2018-11-06 01:05 ;    434 ;    408 ;    255 ;    109 ;    842 ;    283 ;    739 ;    353 ;   -433 ;    573 ;   -585 ;      2 ;   -377 ;      9 ;      5 ;    157 ;    519 ;    606 ;      0 ;      0 ;
2018-11-06 01:10 ;    472 ;    401 ;    252 ;    112 ;    854 ;    276 ;    734 ;    339 ;   -442 ;    579 ;   -585 ;      4 ;   -372 ;      9 ;      4 ;    165 ;    521 ;    609 ;      0 ;      0 ;
2018-11-06 01:15 ;    475 ;    391 ;    252 ;    113 ;    848 ;    261 ;    725 ;    328 ;   -408 ;    595 ;   -585 ;      4 ;   -369 ;      9 ;      5 ;    165 ;    491 ;    618 ;      0 ;      0 ;
2018-11-06 01:20 ;    471 ;    388 ;    252 ;    112 ;    836 ;    263 ;    724 ;    324 ;   -387 ;    608 ;   -585 ;      4 ;   -369 ;      9 ;      3 ;    163 ;    479 ;    621 ;      0 ;      0 ;
2018-11-06 01:25 ;    479 ;    390 ;    253 ;    111 ;    835 ;    265 ;    724 ;    324 ;   -399 ;    611 ;   -585 ;      5 ;   -369 ;      9 ;      3 ;    165 ;    474 ;    626 ;      0 ;      0 ;
2018-11-06 01:30 ;    477 ;    391 ;    252 ;    112 ;    846 ;    263 ;    724 ;    324 ;   -400 ;    603 ;   -585 ;      5 ;   -370 ;      9 ;      5 ;    164 ;    480 ;    629 ;      0 ;      0 ;
2018-11-06 01:35 ;    479 ;    389 ;    251 ;    111 ;    851 ;    266 ;    724 ;    324 ;   -421 ;    590 ;   -585 ;      4 ;   -368 ;      9 ;      4 ;    165 ;    483 ;    634 ;      0 ;      0 ;
2018-11-06 01:40 ;    481 ;    387 ;    251 ;    115 ;    859 ;    261 ;    724 ;    324 ;   -428 ;    592 ;   -585 ;      3 ;   -369 ;      9 ;      6 ;    166 ;    485 ;    635 ;      0 ;      0 ;
2018-11-06 01:45 ;    484 ;    389 ;    254 ;    111 ;    856 ;    258 ;    724 ;    324 ;   -428 ;    589 ;   -585 ;      4 ;   -369 ;      9 ;      5 ;    167 ;    476 ;    638 ;      0 ;      0 ;
2018-11-06 01:50 ;    487 ;    389 ;    253 ;    107 ;    858 ;    247 ;    720 ;    332 ;   -427 ;    598 ;   -585 ;      3 ;   -373 ;      9 ;      5 ;    167 ;    463 ;    642 ;      0 ;      0 ;
2018-11-06 01:55 ;    484 ;    400 ;    252 ;    110 ;    850 ;    237 ;    716 ;    338 ;   -412 ;    593 ;   -585 ;      3 ;   -378 ;      9 ;      7 ;    168 ;    449 ;    638 ;      0 ;      0 ;
2018-11-06 02:00 ;    476 ;    409 ;    254 ;    113 ;    864 ;    224 ;    711 ;    344 ;   -393 ;    590 ;   -585 ;      6 ;   -377 ;      9 ;      6 ;    166 ;    443 ;    645 ;      0 ;      0 ;
2018-11-06 02:05 ;    423 ;    411 ;    256 ;    113 ;    894 ;    220 ;    704 ;    350 ;   -345 ;    594 ;   -585 ;      5 ;   -374 ;      9 ;      5 ;    151 ;    458 ;    656 ;      0 ;      0 ;
2018-11-06 02:10 ;    394 ;    411 ;    255 ;    112 ;    890 ;    224 ;    700 ;    357 ;   -332 ;    603 ;   -585 ;      5 ;   -361 ;     10 ;      5 ;    144 ;    455 ;    659 ;      0 ;      0 ;
2018-11-06 02:15 ;    381 ;    410 ;    254 ;    113 ;    896 ;    220 ;    695 ;    363 ;   -300 ;    600 ;   -585 ;      5 ;   -364 ;      9 ;      6 ;    142 ;    462 ;    654 ;      0 ;      0 ;
2018-11-06 02:20 ;    363 ;    412 ;    255 ;    111 ;    872 ;    219 ;    696 ;    364 ;   -360 ;    690 ;   -585 ;      5 ;   -267 ;      9 ;      5 ;    138 ;    443 ;    648 ;      0 ;      0 ;
2018-11-06 02:25 ;    355 ;    413 ;    253 ;    112 ;    878 ;    213 ;    696 ;    364 ;   -448 ;    811 ;   -585 ;      4 ;   -165 ;      9 ;      5 ;    136 ;    446 ;    645 ;      0 ;      0 ;
2018-11-06 02:30 ;    352 ;    414 ;    255 ;    113 ;    872 ;    207 ;    696 ;    364 ;   -455 ;    902 ;   -585 ;      5 ;    -69 ;     10 ;      5 ;    133 ;    429 ;    650 ;      0 ;      0 ;
2018-11-06 02:35 ;    342 ;    415 ;    255 ;    114 ;    878 ;    213 ;    697 ;    363 ;   -476 ;    907 ;   -585 ;      4 ;    -58 ;      9 ;      6 ;    132 ;    444 ;    646 ;      0 ;      0 ;
2018-11-06 02:40 ;    343 ;    418 ;    256 ;    110 ;    880 ;    206 ;    697 ;    364 ;   -496 ;    906 ;   -585 ;      6 ;    -58 ;      9 ;      5 ;    133 ;    452 ;    633 ;      0 ;      0 ;
2018-11-06 02:45 ;    348 ;    416 ;    255 ;    109 ;    886 ;    212 ;    696 ;    364 ;   -493 ;    911 ;   -585 ;      5 ;    -57 ;      9 ;      6 ;    132 ;    450 ;    647 ;      0 ;      0 ;
2018-11-06 02:50 ;    338 ;    417 ;    256 ;    111 ;    882 ;    216 ;    692 ;    364 ;   -477 ;    897 ;   -585 ;      4 ;    -56 ;     10 ;      6 ;    131 ;    440 ;    658 ;      0 ;      0 ;
2018-11-06 02:55 ;    336 ;    415 ;    257 ;    112 ;    843 ;    223 ;    686 ;    364 ;   -462 ;    901 ;   -585 ;      5 ;    -56 ;      9 ;      6 ;    132 ;    425 ;    640 ;      0 ;      0 ;
2018-11-06 03:00 ;    355 ;    413 ;    257 ;    111 ;    850 ;    225 ;    682 ;    364 ;   -457 ;    909 ;   -585 ;      6 ;    -41 ;      9 ;      5 ;    134 ;    431 ;    643 ;      0 ;      0 ;
2018-11-06 03:05 ;    345 ;    414 ;    258 ;    110 ;    845 ;    239 ;    678 ;    364 ;   -438 ;    895 ;   -585 ;      5 ;    -39 ;     10 ;      5 ;    132 ;    432 ;    651 ;      0 ;      0 ;
2018-11-06 03:10 ;    336 ;    415 ;    258 ;    109 ;    855 ;    249 ;    668 ;    364 ;   -422 ;    889 ;   -585 ;      4 ;    -37 ;      9 ;      6 ;    129 ;    433 ;    671 ;      0 ;      0 ;
2018-11-06 03:15 ;    336 ;    414 ;    262 ;    110 ;    842 ;    260 ;    664 ;    364 ;   -400 ;    891 ;   -585 ;      4 ;    -37 ;      9 ;      5 ;    128 ;    431 ;    671 ;      0 ;      0 ;
2018-11-06 03:20 ;    335 ;    411 ;    261 ;    111 ;    841 ;    255 ;    664 ;    364 ;   -410 ;    892 ;   -585 ;      5 ;    -37 ;      9 ;      6 ;    129 ;    434 ;    662 ;      0 ;      0 ;
2018-11-06 03:25 ;    336 ;    411 ;    261 ;    111 ;    866 ;    238 ;    664 ;    364 ;   -407 ;    910 ;   -585 ;      5 ;    -37 ;      9 ;      4 ;    128 ;    457 ;    647 ;      0 ;      0 ;
2018-11-06 03:30 ;    336 ;    413 ;    261 ;    110 ;    898 ;    239 ;    663 ;    364 ;   -446 ;    907 ;   -585 ;      5 ;    -37 ;      9 ;      6 ;    127 ;    491 ;    646 ;      0 ;      0 ;
2018-11-06 03:35 ;    334 ;    411 ;    263 ;    111 ;    912 ;    238 ;    663 ;    363 ;   -455 ;    927 ;   -585 ;      4 ;    -37 ;      9 ;      5 ;    126 ;    505 ;    645 ;      0 ;      0 ;
2018-11-06 03:40 ;    334 ;    413 ;    260 ;    112 ;    927 ;    235 ;    663 ;    364 ;   -473 ;    917 ;   -585 ;      4 ;    -37 ;      9 ;      6 ;    127 ;    509 ;    653 ;      0 ;      0 ;
2018-11-06 03:45 ;    338 ;    409 ;    260 ;    112 ;    924 ;    228 ;    664 ;    364 ;   -485 ;    924 ;   -585 ;      5 ;    -36 ;      9 ;      6 ;    128 ;    508 ;    643 ;      0 ;      0 ;
2018-11-06 03:50 ;    337 ;    409 ;    259 ;    113 ;    920 ;    223 ;    664 ;    390 ;   -476 ;    933 ;   -585 ;      5 ;    -41 ;      9 ;      4 ;    127 ;    513 ;    630 ;      0 ;      0 ;
2018-11-06 03:55 ;    333 ;    410 ;    259 ;    112 ;    916 ;    225 ;    664 ;    418 ;   -469 ;    912 ;   -585 ;      5 ;    -50 ;      9 ;      4 ;    126 ;    515 ;    626 ;      0 ;      0 ;
2018-11-06 04:00 ;    333 ;    408 ;    258 ;    112 ;    914 ;    221 ;    666 ;    443 ;   -455 ;    910 ;   -585 ;      6 ;    -60 ;      9 ;      3 ;    125 ;    511 ;    623 ;      0 ;      0 ;
2018-11-06 04:05 ;    326 ;    405 ;    255 ;    110 ;    914 ;    226 ;    667 ;    468 ;   -461 ;    923 ;   -585 ;      6 ;    -69 ;      9 ;      5 ;    122 ;    518 ;    623 ;      0 ;      0 ;
2018-11-06 04:10 ;    328 ;    411 ;    249 ;    111 ;    912 ;    229 ;    666 ;    495 ;   -495 ;    903 ;   -585 ;      5 ;    -69 ;      9 ;      4 ;    123 ;    534 ;    608 ;      0 ;      0 ;
2018-11-06 04:15 ;    328 ;    415 ;    249 ;    111 ;    913 ;    230 ;    670 ;    520 ;   -496 ;    880 ;   -585 ;      5 ;    -83 ;      9 ;      5 ;    124 ;    546 ;    597 ;      0 ;      0 ;
2018-11-06 04:20 ;    326 ;    413 ;    248 ;    111 ;    927 ;    230 ;    670 ;    521 ;   -482 ;    880 ;   -585 ;      5 ;    -83 ;      9 ;      7 ;    122 ;    550 ;    606 ;      0 ;      0 ;
2018-11-06 04:25 ;    324 ;    418 ;    251 ;    109 ;    921 ;    223 ;    671 ;    521 ;   -487 ;    886 ;   -585 ;      5 ;    -84 ;      9 ;      5 ;    122 ;    552 ;    592 ;      0 ;      0 ;
2018-11-06 04:30 ;    319 ;    418 ;    248 ;    110 ;    901 ;    221 ;    670 ;    521 ;   -445 ;    893 ;   -585 ;      5 ;    -91 ;      9 ;      2 ;    120 ;    550 ;    573 ;      0 ;      0 ;
2018-11-06 04:35 ;    317 ;    415 ;    248 ;    108 ;    907 ;    219 ;    671 ;    521 ;   -460 ;    893 ;   -585 ;      5 ;    -96 ;      9 ;      4 ;    120 ;    551 ;    575 ;      0 ;      0 ;
2018-11-06 04:40 ;    320 ;    413 ;    248 ;    109 ;    898 ;    224 ;    671 ;    521 ;   -485 ;    904 ;   -585 ;      4 ;    -95 ;      9 ;      4 ;    122 ;    556 ;    566 ;      0 ;      0 ;
2018-11-06 04:45 ;    337 ;    413 ;    247 ;    109 ;    894 ;    219 ;    670 ;    521 ;   -488 ;    914 ;   -585 ;      4 ;    -95 ;      9 ;      6 ;    125 ;    557 ;    556 ;      0 ;      0 ;
2018-11-06 04:50 ;    364 ;    407 ;    246 ;    110 ;    892 ;    222 ;    750 ;    446 ;   -470 ;    940 ;   -585 ;      4 ;    -89 ;      9 ;      5 ;    127 ;    556 ;    558 ;      0 ;      0 ;
2018-11-06 04:55 ;    414 ;    410 ;    248 ;    109 ;    881 ;    229 ;    840 ;    358 ;   -541 ;    927 ;   -585 ;      4 ;    -83 ;      9 ;      5 ;    139 ;    562 ;    548 ;      0 ;      0 ;
2018-11-06 05:00 ;    412 ;    407 ;    253 ;    110 ;    880 ;    235 ;    922 ;    279 ;   -533 ;    923 ;   -585 ;      4 ;    -85 ;      9 ;      5 ;    138 ;    563 ;    552 ;      0 ;      0 ;
2018-11-06 05:05 ;    422 ;    408 ;    252 ;    110 ;    861 ;    232 ;   1014 ;    187 ;   -467 ;    851 ;   -585 ;      4 ;   -174 ;      9 ;      4 ;    140 ;    560 ;    533 ;      0 ;      0 ;
2018-11-06 05:10 ;    434 ;    414 ;    249 ;    109 ;    857 ;    228 ;   1095 ;    105 ;   -471 ;    860 ;   -585 ;      5 ;   -187 ;      9 ;      4 ;    143 ;    553 ;    532 ;      0 ;      0 ;
2018-11-06 05:15 ;    442 ;    417 ;    250 ;    107 ;    848 ;    222 ;   1184 ;     27 ;   -484 ;    869 ;   -585 ;      4 ;   -196 ;      9 ;      4 ;    145 ;    540 ;    530 ;      0 ;      0 ;
2018-11-06 05:20 ;    456 ;    416 ;    251 ;    108 ;    840 ;    221 ;   1185 ;     18 ;   -420 ;    847 ;   -585 ;      4 ;   -234 ;      9 ;      5 ;    146 ;    537 ;    523 ;      0 ;      0 ;
2018-11-06 05:25 ;    453 ;    416 ;    252 ;    109 ;    823 ;    224 ;   1183 ;     18 ;   -414 ;    839 ;   -585 ;      4 ;   -230 ;      9 ;      4 ;    146 ;    532 ;    514 ;      0 ;      0 ;
2018-11-06 05:30 ;    453 ;    412 ;    251 ;    111 ;    830 ;    220 ;   1184 ;     18 ;   -396 ;    876 ;   -585 ;      4 ;   -224 ;      9 ;      5 ;    143 ;    530 ;    521 ;      0 ;      0 ;
2018-11-06 05:35 ;    451 ;    411 ;    253 ;    109 ;    816 ;    218 ;   1185 ;     18 ;   -380 ;    890 ;   -585 ;      6 ;   -215 ;      9 ;      4 ;    142 ;    529 ;    505 ;      0 ;      0 ;
2018-11-06 05:40 ;    448 ;    412 ;    252 ;    107 ;    809 ;    224 ;   1184 ;     18 ;   -379 ;    900 ;   -585 ;      7 ;   -212 ;      9 ;      4 ;    141 ;    527 ;    507 ;      0 ;      0 ;
2018-11-06 05:45 ;    445 ;    415 ;    252 ;    106 ;    795 ;    231 ;   1183 ;     18 ;   -362 ;    896 ;   -585 ;      7 ;   -222 ;      9 ;      4 ;    141 ;    530 ;    496 ;      0 ;      0 ;
2018-11-06 05:50 ;    458 ;    416 ;    253 ;    107 ;    793 ;    239 ;   1188 ;     37 ;   -392 ;    900 ;   -585 ;      8 ;   -225 ;      9 ;      5 ;    143 ;    540 ;    492 ;      0 ;      0 ;
2018-11-06 05:55 ;    486 ;    416 ;    264 ;    113 ;    770 ;    230 ;   1190 ;     58 ;   -361 ;    915 ;   -585 ;      9 ;   -229 ;      9 ;      5 ;    147 ;    527 ;    473 ;      0 ;      0 ;
2018-11-06 06:00 ;    537 ;    416 ;    273 ;    117 ;    781 ;    224 ;   1192 ;     78 ;   -356 ;    824 ;   -532 ;     11 ;   -301 ;      9 ;      5 ;    154 ;    531 ;    474 ;      0 ;      0 ;
2018-11-06 06:05 ;    587 ;    413 ;    284 ;    117 ;    758 ;    211 ;   1196 ;     98 ;   -344 ;    827 ;   -473 ;     12 ;   -298 ;      9 ;      4 ;    161 ;    518 ;    451 ;      0 ;      0 ;
2018-11-06 06:10 ;    643 ;    420 ;    303 ;    121 ;    750 ;    219 ;   1198 ;    119 ;   -391 ;    824 ;   -473 ;     13 ;   -310 ;      9 ;      4 ;    173 ;    520 ;    448 ;      0 ;      0 ;
2018-11-06 06:15 ;    717 ;    419 ;    306 ;    119 ;    753 ;    218 ;   1197 ;    139 ;   -451 ;    840 ;   -473 ;     14 ;   -312 ;      9 ;      5 ;    186 ;    518 ;    453 ;      0 ;      0 ;
2018-11-06 06:20 ;    763 ;    421 ;    304 ;    120 ;    753 ;    215 ;   1198 ;    140 ;   -422 ;    857 ;   -473 ;     14 ;   -308 ;      9 ;      4 ;    191 ;    523 ;    446 ;      0 ;      0 ;
2018-11-06 06:25 ;    779 ;    417 ;    306 ;    121 ;    756 ;    217 ;   1197 ;    140 ;   -393 ;    900 ;   -473 ;     14 ;   -308 ;      9 ;      6 ;    190 ;    525 ;    448 ;      0 ;      0 ;
2018-11-06 06:30 ;    780 ;    424 ;    305 ;    123 ;    734 ;    220 ;   1197 ;    140 ;   -381 ;    910 ;   -473 ;     14 ;   -308 ;      9 ;      4 ;    191 ;    523 ;    432 ;      0 ;      0 ;
2018-11-06 06:35 ;    783 ;    418 ;    305 ;    119 ;    730 ;    218 ;   1197 ;    140 ;   -367 ;    950 ;   -473 ;     14 ;   -309 ;      9 ;      5 ;    189 ;    520 ;    428 ;      0 ;      0 ;
2018-11-06 06:40 ;    783 ;    424 ;    306 ;    120 ;    720 ;    216 ;   1196 ;    140 ;   -326 ;    958 ;   -473 ;     16 ;   -309 ;      9 ;      4 ;    188 ;    516 ;    421 ;      0 ;      0 ;
2018-11-06 06:45 ;    781 ;    427 ;    315 ;    122 ;    699 ;    214 ;   1197 ;    140 ;   -296 ;    994 ;   -473 ;     16 ;   -309 ;      9 ;      4 ;    187 ;    509 ;    405 ;      0 ;      0 ;
2018-11-06 06:50 ;    777 ;    431 ;    339 ;    126 ;    682 ;    219 ;   1197 ;    140 ;   -279 ;    997 ;   -473 ;     16 ;   -309 ;      9 ;      4 ;    188 ;    503 ;    398 ;      0 ;      0 ;
2018-11-06 06:55 ;    791 ;    442 ;    366 ;    133 ;    680 ;    215 ;   1196 ;    140 ;   -302 ;    888 ;   -366 ;     15 ;   -308 ;      9 ;      4 ;    194 ;    506 ;    390 ;      0 ;      0 ;
2018-11-06 07:00 ;    852 ;    457 ;    393 ;    137 ;    685 ;    219 ;   1197 ;    140 ;   -372 ;    748 ;   -222 ;     16 ;   -306 ;      9 ;      4 ;    206 ;    513 ;    392 ;      0 ;      0 ;
2018-11-06 07:05 ;    883 ;    463 ;    410 ;    147 ;    669 ;    222 ;   1199 ;    141 ;   -336 ;    655 ;    -86 ;     17 ;   -265 ;      9 ;      4 ;    207 ;    505 ;    386 ;      0 ;      0 ;
2018-11-06 07:10 ;    885 ;    479 ;    417 ;    150 ;    640 ;    218 ;   1198 ;    140 ;   -346 ;    570 ;     28 ;     16 ;   -213 ;      9 ;      5 ;    210 ;    486 ;    373 ;      0 ;      0 ;
2018-11-06 07:15 ;    886 ;    483 ;    419 ;    151 ;    638 ;    224 ;   1198 ;    140 ;   -367 ;    627 ;     29 ;     16 ;   -172 ;      9 ;      6 ;    209 ;    486 ;    376 ;      0 ;      0 ;
2018-11-06 07:20 ;    899 ;    480 ;    421 ;    150 ;    618 ;    223 ;   1198 ;    140 ;   -343 ;    636 ;     28 ;     16 ;   -171 ;      9 ;      7 ;    210 ;    464 ;    378 ;      0 ;      0 ;
2018-11-06 07:25 ;    897 ;    464 ;    420 ;    148 ;    611 ;    217 ;   1198 ;    140 ;   -327 ;    663 ;     28 ;     16 ;   -170 ;      9 ;      6 ;    206 ;    457 ;    370 ;      0 ;      0 ;
2018-11-06 07:30 ;    900 ;    449 ;    421 ;    147 ;    593 ;    204 ;   1198 ;    140 ;   -370 ;    792 ;     28 ;     15 ;    -80 ;      9 ;      5 ;    203 ;    423 ;    373 ;      0 ;      1 ;
2018-11-06 07:35 ;    902 ;    440 ;    422 ;    148 ;    569 ;    194 ;   1198 ;    140 ;   -328 ;    823 ;     28 ;     16 ;    -77 ;      9 ;      5 ;    202 ;    397 ;    366 ;      0 ;      1 ;
2018-11-06 07:40 ;    909 ;    441 ;    423 ;    148 ;    552 ;    197 ;   1198 ;    140 ;   -328 ;    828 ;     28 ;     16 ;    -76 ;      9 ;      7 ;    203 ;    384 ;    364 ;      0 ;      1 ;
2018-11-06 07:45 ;    903 ;    443 ;    423 ;    149 ;    533 ;    206 ;   1198 ;    140 ;   -318 ;    795 ;     28 ;     16 ;    -77 ;      9 ;      5 ;    203 ;    379 ;    360 ;      0 ;      2 ;
2018-11-06 07:50 ;    905 ;    448 ;    425 ;    148 ;    507 ;    223 ;   1197 ;    140 ;   -301 ;    797 ;     28 ;     15 ;    -77 ;      9 ;      4 ;    204 ;    368 ;    362 ;      0 ;      2 ;
2018-11-06 07:55 ;    908 ;    452 ;    429 ;    151 ;    523 ;    239 ;   1197 ;    140 ;   -300 ;    796 ;     28 ;     14 ;    -80 ;      9 ;      4 ;    203 ;    387 ;    376 ;      0 ;      4 ;
2018-11-06 08:00 ;    929 ;    451 ;    432 ;    153 ;    538 ;    245 ;   1199 ;    140 ;   -234 ;    684 ;     67 ;     13 ;   -143 ;      9 ;      5 ;    203 ;    400 ;    383 ;      1 ;      6 ;
2018-11-06 08:05 ;    949 ;    451 ;    436 ;    156 ;    552 ;    247 ;   1199 ;    140 ;   -127 ;    592 ;    106 ;     14 ;   -208 ;      9 ;      4 ;    201 ;    406 ;    393 ;      1 ;      8 ;
2018-11-06 08:10 ;    947 ;    446 ;    446 ;    163 ;    545 ;    247 ;   1199 ;    141 ;    -51 ;    527 ;    108 ;     14 ;   -266 ;      9 ;      4 ;    207 ;    408 ;    385 ;      1 ;     11 ;
2018-11-06 08:15 ;    949 ;    446 ;    443 ;    163 ;    539 ;    253 ;   1199 ;    140 ;    -44 ;    520 ;    108 ;     13 ;   -269 ;      9 ;      3 ;    207 ;    414 ;    378 ;      2 ;     13 ;
2018-11-06 08:20 ;    958 ;    446 ;    437 ;    162 ;    530 ;    261 ;   1199 ;    140 ;    -55 ;    530 ;    108 ;     13 ;   -269 ;      9 ;      3 ;    206 ;    413 ;    378 ;      2 ;     15 ;
2018-11-06 08:25 ;    954 ;    445 ;    438 ;    162 ;    520 ;    271 ;   1199 ;    140 ;    -26 ;    514 ;    108 ;     14 ;   -269 ;      9 ;      5 ;    208 ;    425 ;    367 ;      3 ;     18 ;
2018-11-06 08:30 ;    958 ;    447 ;    441 ;    163 ;    510 ;    268 ;   1198 ;    140 ;    -36 ;    510 ;    108 ;     15 ;   -269 ;      9 ;      3 ;    209 ;    424 ;    355 ;      3 ;     21 ;
2018-11-06 08:35 ;    959 ;    448 ;    443 ;    162 ;    513 ;    253 ;   1198 ;    140 ;    -55 ;    530 ;    108 ;     16 ;   -269 ;      9 ;      4 ;    207 ;    412 ;    354 ;      4 ;     23 ;
2018-11-06 08:40 ;    957 ;    457 ;    442 ;    163 ;    518 ;    242 ;   1198 ;    140 ;    -27 ;    528 ;    108 ;     16 ;   -269 ;      9 ;      4 ;    209 ;    407 ;    354 ;      5 ;     26 ;
2018-11-06 08:45 ;    955 ;    457 ;    436 ;    161 ;    514 ;    239 ;   1198 ;    140 ;    -41 ;    531 ;    108 ;     14 ;   -269 ;      9 ;      3 ;    208 ;    406 ;    348 ;      6 ;     30 ;
2018-11-06 08:50 ;    957 ;    459 ;    437 ;    164 ;    521 ;    236 ;   1198 ;    140 ;    -32 ;    525 ;    108 ;     12 ;   -269 ;      9 ;      3 ;    209 ;    405 ;    352 ;      6 ;     33 ;
2018-11-06 08:55 ;    955 ;    457 ;    438 ;    165 ;    506 ;    236 ;   1198 ;    140 ;    -35 ;    527 ;    108 ;     12 ;   -269 ;      9 ;      3 ;    210 ;    403 ;    338 ;      7 ;     36 ;
2018-11-06 09:00 ;    956 ;    457 ;    443 ;    169 ;    487 ;    227 ;   1199 ;    140 ;    -66 ;    417 ;    224 ;     11 ;   -269 ;      8 ;      4 ;    220 ;    388 ;    326 ;      7 ;     40 ;
2018-11-06 09:05 ;    961 ;    459 ;    441 ;    169 ;    467 ;    210 ;   1197 ;    140 ;   -170 ;    329 ;    348 ;     10 ;   -236 ;      9 ;      4 ;    227 ;    362 ;    315 ;      8 ;     43 ;
2018-11-06 09:10 ;    949 ;    460 ;    442 ;    169 ;    471 ;    204 ;   1196 ;    140 ;   -231 ;    392 ;    350 ;     10 ;   -201 ;      9 ;      3 ;    220 ;    363 ;    311 ;      8 ;     46 ;
2018-11-06 09:15 ;    955 ;    456 ;    441 ;    171 ;    474 ;    200 ;   1198 ;    140 ;   -246 ;    396 ;    350 ;     10 ;   -165 ;      9 ;      4 ;    219 ;    360 ;    314 ;      9 ;     50 ;
2018-11-06 09:20 ;    950 ;    456 ;    442 ;    167 ;    469 ;    191 ;   1199 ;    140 ;   -217 ;    410 ;    350 ;      9 ;   -164 ;      9 ;      3 ;    221 ;    358 ;    302 ;     10 ;     54 ;
2018-11-06 09:25 ;    950 ;    453 ;    444 ;    171 ;    479 ;    182 ;   1197 ;    140 ;   -221 ;    428 ;    350 ;     10 ;   -164 ;      9 ;      4 ;    219 ;    357 ;    303 ;     10 ;     57 ;
2018-11-06 09:30 ;    951 ;    456 ;    454 ;    169 ;    462 ;    177 ;   1196 ;    140 ;   -205 ;    416 ;    350 ;      9 ;   -165 ;      9 ;      2 ;    222 ;    347 ;    293 ;     11 ;     61 ;
2018-11-06 09:35 ;    951 ;    457 ;    465 ;    168 ;    466 ;    166 ;   1198 ;    140 ;   -227 ;    451 ;    350 ;     10 ;   -164 ;      9 ;      2 ;    219 ;    335 ;    297 ;     11 ;     64 ;
2018-11-06 09:40 ;    952 ;    460 ;    482 ;    167 ;    465 ;    169 ;   1199 ;    140 ;   -201 ;    434 ;    350 ;     10 ;   -164 ;      9 ;      3 ;    222 ;    338 ;    296 ;     12 ;     68 ;
2018-11-06 09:45 ;    952 ;    456 ;    486 ;    168 ;    464 ;    173 ;   1198 ;    140 ;   -180 ;    423 ;    350 ;     10 ;   -164 ;      9 ;      5 ;    223 ;    348 ;    289 ;     12 ;     70 ;
2018-11-06 09:50 ;    954 ;    456 ;    491 ;    168 ;    473 ;    165 ;   1198 ;    140 ;   -198 ;    438 ;    350 ;     11 ;   -164 ;      9 ;      4 ;    222 ;    342 ;    296 ;     13 ;     74 ;
2018-11-06 09:55 ;    951 ;    455 ;    493 ;    168 ;    472 ;    162 ;   1197 ;    140 ;   -182 ;    417 ;    350 ;     11 ;   -164 ;      9 ;      3 ;    223 ;    346 ;    289 ;     14 ;     77 ;
2018-11-06 10:00 ;    958 ;    457 ;    492 ;    166 ;    457 ;    164 ;   1198 ;    140 ;   -221 ;    560 ;    268 ;     10 ;   -112 ;      9 ;      5 ;    212 ;    345 ;    276 ;     14 ;     80 ;
2018-11-06 10:05 ;    948 ;    455 ;    490 ;    165 ;    479 ;    157 ;   1198 ;    140 ;   -311 ;    716 ;    184 ;      8 ;    -53 ;      9 ;      4 ;    206 ;    355 ;    281 ;     14 ;     83 ;
2018-11-06 10:10 ;    950 ;    455 ;    484 ;    166 ;    473 ;    147 ;   1199 ;    140 ;   -353 ;    788 ;    182 ;      8 ;      0 ;      9 ;      4 ;    206 ;    355 ;    265 ;     15 ;     86 ;
2018-11-06 10:15 ;    949 ;    456 ;    480 ;    164 ;    478 ;    148 ;   1199 ;    140 ;   -348 ;    787 ;    182 ;      6 ;      0 ;      9 ;      2 ;    205 ;    348 ;    278 ;     15 ;     89 ;
2018-11-06 10:20 ;    946 ;    459 ;    479 ;    162 ;    448 ;    141 ;   1198 ;    141 ;   -326 ;    780 ;    182 ;      5 ;      0 ;      9 ;      3 ;    206 ;    330 ;    259 ;     16 ;     92 ;
2018-11-06 10:25 ;    951 ;    462 ;    477 ;    164 ;    456 ;    131 ;   1199 ;    140 ;   -333 ;    778 ;    182 ;      5 ;      0 ;      9 ;      3 ;    207 ;    333 ;    255 ;     17 ;     95 ;
2018-11-06 10:30 ;    948 ;    461 ;    478 ;    163 ;    460 ;    125 ;   1199 ;    140 ;   -314 ;    794 ;    182 ;      4 ;      0 ;      9 ;      5 ;    205 ;    334 ;    252 ;     18 ;     97 ;
2018-11-06 10:35 ;    947 ;    459 ;    478 ;    162 ;    462 ;    124 ;   1199 ;    140 ;   -329 ;    790 ;    182 ;      4 ;      0 ;      9 ;      6 ;    206 ;    336 ;    250 ;     18 ;     99 ;
2018-11-06 10:40 ;    951 ;    459 ;    477 ;    164 ;    444 ;    118 ;   1199 ;    140 ;   -333 ;    790 ;    182 ;      2 ;      0 ;      9 ;      4 ;    207 ;    314 ;    248 ;     19 ;    101 ;
2018-11-06 10:45 ;    951 ;    446 ;    476 ;    164 ;    446 ;    110 ;   1198 ;    140 ;   -323 ;    839 ;    182 ;      2 ;      0 ;      9 ;      3 ;    203 ;    295 ;    261 ;     20 ;    102 ;
2018-11-06 10:50 ;    947 ;    432 ;    476 ;    165 ;    433 ;    104 ;   1199 ;    140 ;   -321 ;    852 ;    182 ;      1 ;      0 ;      9 ;      4 ;    202 ;    274 ;    262 ;     20 ;    104 ;
2018-11-06 10:55 ;    947 ;    423 ;    476 ;    165 ;    407 ;     97 ;   1198 ;    141 ;   -335 ;    864 ;    182 ;      2 ;      0 ;      9 ;      4 ;    203 ;    260 ;    244 ;     21 ;    105 ;
2018-11-06 11:00 ;    948 ;    432 ;    471 ;    163 ;    412 ;     97 ;   1200 ;    186 ;   -363 ;    969 ;     85 ;      2 ;     20 ;      9 ;      4 ;    203 ;    258 ;    251 ;     22 ;    106 ;
2018-11-06 11:05 ;    944 ;    431 ;    451 ;    159 ;    425 ;     96 ;   1199 ;    190 ;   -334 ;   1081 ;    -18 ;      3 ;     20 ;      9 ;      4 ;    200 ;    266 ;    255 ;     22 ;    107 ;
2018-11-06 11:10 ;    948 ;    439 ;    447 ;    155 ;    402 ;     92 ;   1199 ;    190 ;   -337 ;   1079 ;    -19 ;      2 ;     20 ;      9 ;      3 ;    201 ;    250 ;    244 ;     23 ;    108 ;
2018-11-06 11:15 ;    956 ;    439 ;    443 ;    156 ;    398 ;     87 ;   1198 ;    190 ;   -344 ;   1076 ;    -19 ;      3 ;     20 ;      9 ;      5 ;    202 ;    234 ;    251 ;     23 ;    109 ;
2018-11-06 11:20 ;    956 ;    436 ;    445 ;    157 ;    385 ;     84 ;   1198 ;    190 ;   -338 ;   1081 ;    -19 ;      3 ;     20 ;      9 ;      3 ;    202 ;    229 ;    240 ;     23 ;    110 ;
2018-11-06 11:25 ;    961 ;    437 ;    445 ;    155 ;    375 ;     81 ;   1199 ;    190 ;   -338 ;   1071 ;    -19 ;      3 ;     20 ;      9 ;      4 ;    203 ;    227 ;    229 ;     23 ;    110 ;
2018-11-06 11:30 ;    958 ;    435 ;    438 ;    153 ;    358 ;     81 ;   1198 ;    191 ;   -326 ;   1088 ;    -19 ;      4 ;     20 ;      9 ;      5 ;    202 ;    215 ;    224 ;     23 ;    111 ;
2018-11-06 11:35 ;    957 ;    428 ;    438 ;    152 ;    354 ;     81 ;   1198 ;    190 ;   -342 ;   1086 ;    -19 ;      4 ;     20 ;      9 ;      4 ;    203 ;    210 ;    224 ;     24 ;    111 ;
2018-11-06 11:40 ;    959 ;    434 ;    439 ;    152 ;    340 ;     81 ;   1198 ;    190 ;   -340 ;   1089 ;    -19 ;      4 ;     20 ;      9 ;      5 ;    203 ;    208 ;    213 ;     25 ;    112 ;
2018-11-06 11:45 ;    956 ;    434 ;    439 ;    153 ;    335 ;     84 ;   1197 ;    190 ;   -340 ;   1084 ;    -19 ;      4 ;     20 ;      9 ;      2 ;    203 ;    213 ;    206 ;     25 ;    112 ;
2018-11-06 11:50 ;    958 ;    435 ;    438 ;    153 ;    333 ;     87 ;   1197 ;    190 ;   -350 ;   1071 ;    -19 ;      3 ;     20 ;      9 ;      3 ;    204 ;    215 ;    205 ;     25 ;    112 ;
2018-11-06 11:55 ;    963 ;    437 ;    437 ;    152 ;    345 ;     82 ;   1197 ;    190 ;   -354 ;   1057 ;    -19 ;      4 ;      0 ;      9 ;      4 ;    205 ;    222 ;    205 ;     26 ;    112 ;
2018-11-06 12:00 ;    963 ;    438 ;    436 ;    150 ;    338 ;     80 ;   1197 ;    144 ;   -330 ;   1049 ;     -3 ;      5 ;      0 ;      9 ;      3 ;    205 ;    218 ;    200 ;     26 ;    112 ;
2018-11-06 12:05 ;    974 ;    434 ;    429 ;    148 ;    336 ;     82 ;   1196 ;    140 ;   -342 ;    983 ;     46 ;      4 ;    -18 ;      9 ;      4 ;    206 ;    227 ;    190 ;     26 ;    111 ;
2018-11-06 12:10 ;    991 ;    436 ;    429 ;    148 ;    322 ;     78 ;   1196 ;    140 ;   -325 ;    986 ;     46 ;      4 ;    -21 ;      9 ;      4 ;    205 ;    218 ;    181 ;     26 ;    111 ;
2018-11-06 12:15 ;   1012 ;    433 ;    430 ;    148 ;    318 ;     75 ;   1197 ;    140 ;   -313 ;    973 ;     46 ;      4 ;    -31 ;      9 ;      3 ;    205 ;    209 ;    184 ;     26 ;    110 ;
2018-11-06 12:20 ;   1012 ;    434 ;    431 ;    147 ;    301 ;     72 ;   1199 ;    140 ;   -292 ;    973 ;     46 ;      2 ;    -33 ;      9 ;      4 ;    205 ;    203 ;    170 ;     27 ;    107 ;
2018-11-06 12:25 ;   1013 ;    435 ;    429 ;    146 ;    285 ;     68 ;   1198 ;    140 ;   -323 ;    973 ;     46 ;      2 ;    -33 ;      9 ;      3 ;    207 ;    194 ;    160 ;     28 ;    110 ;
2018-11-06 12:30 ;   1013 ;    433 ;    427 ;    148 ;    278 ;     65 ;   1197 ;    140 ;   -312 ;    986 ;     46 ;      4 ;    -33 ;      9 ;      3 ;    207 ;    184 ;    159 ;     28 ;    107 ;
2018-11-06 12:35 ;   1011 ;    431 ;    422 ;    163 ;    273 ;     63 ;   1197 ;    140 ;   -298 ;    978 ;     46 ;      4 ;    -33 ;      9 ;      4 ;    207 ;    182 ;    154 ;     28 ;    105 ;
2018-11-06 12:40 ;   1010 ;    426 ;    417 ;    174 ;    268 ;     62 ;   1197 ;    140 ;   -277 ;   1004 ;     46 ;      4 ;    -33 ;      9 ;      4 ;    205 ;    181 ;    149 ;     28 ;    106 ;
2018-11-06 12:45 ;   1009 ;    427 ;    411 ;    188 ;    264 ;     59 ;   1197 ;    140 ;   -267 ;    990 ;     46 ;      3 ;    -32 ;      9 ;      3 ;    206 ;    176 ;    147 ;     27 ;    105 ;
2018-11-06 12:50 ;   1009 ;    426 ;    409 ;    191 ;    274 ;     56 ;   1197 ;    140 ;   -299 ;   1027 ;     46 ;      3 ;      0 ;      9 ;      4 ;    206 ;    171 ;    158 ;     27 ;    102 ;
2018-11-06 12:55 ;   1006 ;    424 ;    426 ;    191 ;    253 ;     54 ;   1197 ;    140 ;   -325 ;   1058 ;     46 ;      5 ;     43 ;      9 ;      4 ;    207 ;    167 ;    140 ;     27 ;    101 ;
2018-11-06 13:00 ;    990 ;    422 ;    431 ;    190 ;    248 ;     52 ;   1198 ;    140 ;   -350 ;   1032 ;    127 ;      5 ;     76 ;      9 ;      5 ;    205 ;    165 ;    135 ;     26 ;     97 ;
2018-11-06 13:05 ;    981 ;    427 ;    432 ;    191 ;    244 ;     53 ;   1197 ;    140 ;   -375 ;    966 ;    211 ;      3 ;    117 ;      9 ;      2 ;    203 ;    159 ;    138 ;     26 ;     95 ;
2018-11-06 13:10 ;    988 ;    432 ;    432 ;    191 ;    240 ;     52 ;   1197 ;    140 ;   -385 ;   1001 ;    213 ;      4 ;    155 ;      9 ;      4 ;    203 ;    154 ;    137 ;     26 ;     93 ;
2018-11-06 13:15 ;    973 ;    437 ;    432 ;    191 ;    231 ;     50 ;   1197 ;    140 ;   -362 ;   1037 ;    213 ;      5 ;    188 ;      9 ;      4 ;    199 ;    147 ;    134 ;     26 ;     86 ;
2018-11-06 13:20 ;    966 ;    440 ;    432 ;    196 ;    214 ;     50 ;   1197 ;    140 ;   -348 ;   1041 ;    213 ;      6 ;    193 ;     10 ;      5 ;    199 ;    141 ;    123 ;     26 ;     82 ;
2018-11-06 13:25 ;    973 ;    441 ;    434 ;    202 ;    217 ;     50 ;   1197 ;    140 ;   -360 ;   1030 ;    213 ;      6 ;    192 ;     10 ;      3 ;    201 ;    153 ;    114 ;     25 ;     79 ;
2018-11-06 13:30 ;    974 ;    441 ;    435 ;    204 ;    234 ;     53 ;   1198 ;    140 ;   -359 ;   1022 ;    213 ;      6 ;    192 ;     10 ;      4 ;    201 ;    168 ;    119 ;     24 ;     75 ;
2018-11-06 13:35 ;    973 ;    442 ;    432 ;    207 ;    244 ;     55 ;   1198 ;    140 ;   -363 ;   1023 ;    213 ;      6 ;    192 ;     10 ;      4 ;    201 ;    176 ;    122 ;     24 ;     72 ;
2018-11-06 13:40 ;    978 ;    442 ;    432 ;    209 ;    240 ;     50 ;   1197 ;    140 ;   -364 ;   1032 ;    213 ;      6 ;    193 ;      9 ;      4 ;    201 ;    176 ;    114 ;     24 ;     64 ;
2018-11-06 13:45 ;    974 ;    440 ;    434 ;    206 ;    238 ;     48 ;   1198 ;    140 ;   -356 ;   1043 ;    213 ;      6 ;    191 ;      9 ;      4 ;    201 ;    174 ;    113 ;     23 ;     59 ;
2018-11-06 13:50 ;    975 ;    444 ;    437 ;    207 ;    235 ;     46 ;   1197 ;    140 ;   -352 ;   1019 ;    213 ;      6 ;    174 ;      9 ;      4 ;    203 ;    178 ;    102 ;     23 ;     58 ;
2018-11-06 13:55 ;    975 ;    454 ;    444 ;    208 ;    239 ;     44 ;   1197 ;    140 ;   -341 ;   1095 ;    102 ;      6 ;    156 ;     10 ;      4 ;    205 ;    188 ;     95 ;     22 ;     54 ;
2018-11-06 14:00 ;    975 ;    476 ;    455 ;    214 ;    247 ;     43 ;   1196 ;    245 ;   -349 ;   1095 ;    -42 ;      7 ;     39 ;     10 ;      4 ;    210 ;    195 ;     96 ;     21 ;     53 ;
2018-11-06 14:05 ;    985 ;    490 ;    454 ;    203 ;    234 ;     46 ;   1199 ;    358 ;   -418 ;   1235 ;   -183 ;      7 ;     20 ;     10 ;      4 ;    210 ;    192 ;     87 ;     20 ;     51 ;
2018-11-06 14:10 ;    985 ;    491 ;    455 ;    203 ;    247 ;     22 ;   1199 ;    360 ;   -407 ;   1306 ;   -297 ;      8 ;    -17 ;     10 ;      3 ;    212 ;    182 ;     88 ;     20 ;     48 ;
2018-11-06 14:15 ;    985 ;    497 ;    455 ;    202 ;    262 ;     20 ;   1200 ;    360 ;   -422 ;   1292 ;   -300 ;      8 ;    -34 ;     10 ;      4 ;    213 ;    195 ;     87 ;     19 ;     44 ;
2018-11-06 14:20 ;    986 ;    509 ;    456 ;    202 ;    266 ;     17 ;   1199 ;    360 ;   -430 ;   1278 ;   -300 ;      8 ;    -39 ;      9 ;      3 ;    215 ;    197 ;     87 ;     20 ;     42 ;
2018-11-06 14:25 ;   1009 ;    526 ;    457 ;    201 ;    268 ;     17 ;   1197 ;    360 ;   -453 ;   1288 ;   -300 ;      9 ;    -39 ;     10 ;      4 ;    218 ;    206 ;     78 ;     19 ;     37 ;
2018-11-06 14:30 ;   1019 ;    536 ;    455 ;    202 ;    262 ;     16 ;   1198 ;    360 ;   -456 ;   1261 ;   -300 ;     11 ;    -39 ;      9 ;      4 ;    222 ;    202 ;     76 ;     19 ;     35 ;
2018-11-06 14:35 ;   1013 ;    545 ;    457 ;    204 ;    260 ;     15 ;   1197 ;    360 ;   -444 ;   1270 ;   -300 ;     10 ;    -38 ;      9 ;      4 ;    222 ;    200 ;     75 ;     19 ;     32 ;
2018-11-06 14:40 ;   1013 ;    550 ;    454 ;    202 ;    250 ;     15 ;   1196 ;    360 ;   -451 ;   1283 ;   -300 ;     10 ;    -39 ;     10 ;      3 ;    222 ;    186 ;     79 ;     18 ;     31 ;
2018-11-06 14:45 ;   1016 ;    550 ;    459 ;    204 ;    242 ;     14 ;   1197 ;    359 ;   -436 ;   1270 ;   -300 ;     10 ;    -38 ;      9 ;      4 ;    223 ;    178 ;     78 ;     17 ;     31 ;
2018-11-06 14:50 ;   1011 ;    564 ;    463 ;    204 ;    228 ;     14 ;   1197 ;    360 ;   -464 ;   1266 ;   -300 ;     10 ;      0 ;      9 ;      3 ;    226 ;    170 ;     73 ;     17 ;     30 ;
2018-11-06 14:55 ;   1015 ;    567 ;    467 ;    206 ;    226 ;     12 ;   1198 ;    360 ;   -451 ;   1194 ;   -247 ;     10 ;      0 ;      9 ;      3 ;    227 ;    172 ;     66 ;     16 ;     28 ;
2018-11-06 15:00 ;   1013 ;    574 ;    482 ;    210 ;    227 ;     12 ;   1198 ;    311 ;   -429 ;   1056 ;   -109 ;     11 ;      0 ;      9 ;      3 ;    229 ;    178 ;     62 ;     15 ;     26 ;
2018-11-06 15:05 ;   1021 ;    569 ;    491 ;    218 ;    220 ;     12 ;   1197 ;    251 ;   -408 ;    909 ;     31 ;     10 ;      0 ;      9 ;      4 ;    232 ;    176 ;     56 ;     14 ;     23 ;
2018-11-06 15:10 ;   1022 ;    569 ;    495 ;    215 ;    212 ;     12 ;   1197 ;    198 ;   -322 ;    891 ;     86 ;     11 ;      0 ;      9 ;      4 ;    228 ;    171 ;     53 ;     12 ;     21 ;
2018-11-06 15:15 ;   1010 ;    563 ;    492 ;    214 ;    203 ;     12 ;   1198 ;    144 ;   -307 ;    863 ;     89 ;     12 ;      0 ;      9 ;      2 ;    232 ;    166 ;     49 ;     12 ;     18 ;
2018-11-06 15:20 ;    985 ;    561 ;    493 ;    214 ;    209 ;     11 ;   1196 ;    142 ;   -326 ;    871 ;     89 ;     12 ;      0 ;      9 ;      3 ;    233 ;    176 ;     44 ;     11 ;     15 ;
2018-11-06 15:25 ;    986 ;    570 ;    489 ;    216 ;    201 ;     11 ;   1197 ;    141 ;   -304 ;    875 ;     89 ;     12 ;      0 ;      9 ;      2 ;    233 ;    170 ;     42 ;     11 ;     13 ;
2018-11-06 15:30 ;    978 ;    569 ;    495 ;    217 ;    199 ;     12 ;   1198 ;    141 ;   -289 ;    867 ;     89 ;     11 ;      0 ;      9 ;      2 ;    233 ;    169 ;     42 ;     10 ;     11 ;
2018-11-06 15:35 ;    986 ;    571 ;    495 ;    223 ;    207 ;     11 ;   1197 ;    141 ;   -298 ;    870 ;     89 ;     12 ;      0 ;      9 ;      1 ;    233 ;    173 ;     45 ;      9 ;      8 ;
2018-11-06 15:40 ;    980 ;    572 ;    496 ;    224 ;    203 ;     12 ;   1197 ;    141 ;   -297 ;    840 ;     89 ;     12 ;      0 ;      9 ;      1 ;    235 ;    170 ;     46 ;      8 ;      6 ;
2018-11-06 15:45 ;    987 ;    573 ;    502 ;    222 ;    195 ;     12 ;   1197 ;    141 ;   -297 ;    870 ;     89 ;     12 ;      0 ;      9 ;      2 ;    234 ;    163 ;     44 ;      6 ;      5 ;
2018-11-06 15:50 ;    981 ;    580 ;    504 ;    222 ;    200 ;     12 ;   1197 ;    141 ;   -318 ;    870 ;     89 ;     13 ;      0 ;      9 ;      2 ;    235 ;    169 ;     42 ;      5 ;      4 ;
2018-11-06 15:55 ;    994 ;    579 ;    502 ;    225 ;    198 ;     13 ;   1199 ;    141 ;   -291 ;    814 ;    142 ;     13 ;    -32 ;      9 ;      0 ;    234 ;    172 ;     39 ;      4 ;      3 ;
2018-11-06 16:00 ;   1023 ;    577 ;    505 ;    227 ;    209 ;     13 ;   1196 ;    141 ;   -242 ;    761 ;    258 ;     13 ;    -76 ;      9 ;      1 ;    231 ;    178 ;     43 ;      3 ;      2 ;
2018-11-06 16:05 ;   1050 ;    561 ;    510 ;    233 ;    201 ;     12 ;   1199 ;    141 ;   -140 ;    452 ;    408 ;     13 ;   -155 ;      9 ;      1 ;    258 ;    167 ;     47 ;      2 ;      1 ;
2018-11-06 16:10 ;   1041 ;    547 ;    515 ;    224 ;    193 ;     14 ;   1199 ;    141 ;    -79 ;    417 ;    465 ;     14 ;   -185 ;      9 ;      2 ;    264 ;    157 ;     49 ;      1 ;      1 ;
2018-11-06 16:15 ;   1038 ;    527 ;    508 ;    222 ;    189 ;     16 ;   1199 ;    141 ;    -18 ;    359 ;    466 ;     14 ;   -229 ;      9 ;      1 ;    269 ;    154 ;     51 ;      1 ;      0 ;
2018-11-06 16:20 ;   1032 ;    513 ;    511 ;    223 ;    180 ;     18 ;   1198 ;    141 ;     17 ;    381 ;    466 ;     15 ;   -230 ;      9 ;      2 ;    269 ;    141 ;     56 ;      1 ;      0 ;
2018-11-06 16:25 ;   1041 ;    493 ;    509 ;    222 ;    165 ;     19 ;   1199 ;    141 ;     -7 ;    400 ;    466 ;     15 ;   -230 ;      9 ;      2 ;    266 ;    133 ;     51 ;      0 ;      0 ;
2018-11-06 16:30 ;   1037 ;    487 ;    510 ;    223 ;    165 ;     23 ;   1199 ;    141 ;     -2 ;    424 ;    466 ;     16 ;   -230 ;      9 ;      2 ;    264 ;    142 ;     46 ;      0 ;      0 ;
2018-11-06 16:35 ;   1047 ;    489 ;    509 ;    220 ;    175 ;     27 ;   1197 ;    141 ;    -17 ;    448 ;    466 ;     17 ;   -230 ;      9 ;      1 ;    262 ;    146 ;     55 ;      0 ;      0 ;
2018-11-06 16:40 ;   1039 ;    490 ;    512 ;    221 ;    180 ;     29 ;   1198 ;    141 ;      6 ;    484 ;    466 ;     16 ;   -230 ;      9 ;      2 ;    261 ;    152 ;     57 ;      0 ;      0 ;
2018-11-06 16:45 ;   1048 ;    497 ;    515 ;    224 ;    172 ;     32 ;   1197 ;    141 ;     37 ;    479 ;    466 ;     16 ;   -230 ;      9 ;      2 ;    263 ;    148 ;     56 ;      0 ;      0 ;
2018-11-06 16:50 ;   1041 ;    496 ;    516 ;    225 ;    166 ;     33 ;   1198 ;    138 ;     67 ;    539 ;    466 ;     16 ;   -211 ;      9 ;      1 ;    262 ;    139 ;     60 ;      0 ;      0 ;
2018-11-06 16:55 ;   1054 ;    502 ;    518 ;    228 ;    167 ;     38 ;   1197 ;    136 ;     59 ;    550 ;    466 ;     15 ;   -192 ;      9 ;      1 ;    262 ;    141 ;     64 ;      0 ;      0 ;
2018-11-06 17:00 ;   1047 ;    489 ;    526 ;    230 ;    167 ;     40 ;   1195 ;    130 ;     82 ;    554 ;    519 ;     15 ;   -174 ;      9 ;      2 ;    264 ;    138 ;     69 ;      0 ;      0 ;
2018-11-06 17:05 ;   1080 ;    474 ;    531 ;    233 ;    171 ;     42 ;   1199 ;    130 ;     51 ;    537 ;    574 ;     15 ;   -153 ;      9 ;      2 ;    266 ;    135 ;     78 ;      0 ;      0 ;
2018-11-06 17:10 ;   1079 ;    470 ;    538 ;    233 ;    178 ;     43 ;   1199 ;    125 ;     58 ;    609 ;    575 ;     15 ;   -133 ;      9 ;      1 ;    262 ;    135 ;     87 ;      0 ;      0 ;
2018-11-06 17:15 ;   1084 ;    469 ;    538 ;    232 ;    187 ;     48 ;   1198 ;    123 ;     18 ;    623 ;    575 ;     16 ;   -113 ;      9 ;      1 ;    258 ;    142 ;     93 ;      0 ;      0 ;
2018-11-06 17:20 ;   1089 ;    492 ;    538 ;    232 ;    198 ;     50 ;   1198 ;    122 ;     14 ;    596 ;    575 ;     16 ;   -112 ;      9 ;      2 ;    258 ;    150 ;     98 ;      0 ;      0 ;
2018-11-06 17:25 ;   1092 ;    509 ;    539 ;    233 ;    206 ;     54 ;   1199 ;    122 ;     33 ;    589 ;    575 ;     16 ;   -112 ;      9 ;      1 ;    258 ;    155 ;    105 ;      0 ;      0 ;
2018-11-06 17:30 ;   1092 ;    522 ;    538 ;    233 ;    205 ;     53 ;   1197 ;    122 ;     33 ;    589 ;    575 ;     16 ;   -112 ;      9 ;      1 ;    257 ;    148 ;    111 ;      0 ;      0 ;
2018-11-06 17:35 ;   1095 ;    525 ;    539 ;    231 ;    213 ;     54 ;   1197 ;    122 ;     23 ;    595 ;    575 ;     16 ;   -112 ;      9 ;      1 ;    257 ;    147 ;    119 ;      0 ;      0 ;
